[gd_scene load_steps=10 format=3 uid="uid://jyu5bg1e5lxq"]

[ext_resource type="PackedScene" uid="uid://7dg2akdkq7tb" path="res://player.tscn" id="1_wuw61"]
[ext_resource type="PackedScene" uid="uid://w5klhucye2np" path="res://enemy.tscn" id="2_no0s2"]
[ext_resource type="Script" path="res://EnemyFollow.gd" id="2_pvkgk"]

[sub_resource type="BoxShape3D" id="BoxShape3D_uvrmj"]
size = Vector3(60, 1, 60)

[sub_resource type="BoxMesh" id="BoxMesh_bf0bj"]
size = Vector3(60, 1, 60)

[sub_resource type="PhysicsMaterial" id="PhysicsMaterial_8knb8"]

[sub_resource type="BoxShape3D" id="BoxShape3D_l2vh7"]
size = Vector3(15, 5, 1)

[sub_resource type="BoxMesh" id="BoxMesh_4gt3t"]
size = Vector3(15, 10, 1)

[sub_resource type="Curve3D" id="Curve3D_p0m6d"]
_data = {
"points": PackedVector3Array(0, 0, 0, 0, 0, 0, -1.96087, 0, 13.3776, -1, 0, 1, 1, 0, -1, 6.73882, 0, 17.9668, -3, 0, -1, 3, 0, 1, 18.8734, 0, 16.3338, 0, 0, 0, 0, 0, 0, 19.8587, 0, 22.6967, 2, 0, 1, -2, 0, -1, 17.5783, 0, 26.1316, 4, 0, 1, -4, 0, -1, 3.10691, 0, 24.5831, 2, 0, 1, -2, 0, -1, -0.89101, 0, 18.6706, 3, 0, 1, -3, 0, -1, -11.8431, 0, 17.1503, -3, 0, -1, 3, 0, 1, -15, 0, 12, 0, 0, 0, 0, 0, 0, -4.57923, 0, 14.5883, 0, 0, 0, 0, 0, 0, -1.96087, 0, 13.3776),
"tilts": PackedFloat32Array(0, 0, 0, 0, 0, 0, 0, 0, 0, 0, 0)
}
point_count = 11

[node name="Main" type="Node3D"]

[node name="Ground" type="StaticBody3D" parent="."]
transform = Transform3D(1, 0, 0, 0, 1, 0, 0, 0, 1, 0, -1, 0)

[node name="CollisionShape3D" type="CollisionShape3D" parent="Ground"]
shape = SubResource("BoxShape3D_uvrmj")

[node name="MeshInstance3D" type="MeshInstance3D" parent="Ground"]
mesh = SubResource("BoxMesh_bf0bj")

[node name="StaticBody3D" type="StaticBody3D" parent="Ground"]
transform = Transform3D(0.977431, 0, -0.211257, 0, 1, 0, 0.211257, 0, 0.977431, 0, 0, 7.67062)
physics_material_override = SubResource("PhysicsMaterial_8knb8")

[node name="CollisionShape3D" type="CollisionShape3D" parent="Ground/StaticBody3D"]
transform = Transform3D(1, 0, 0, 0, 1, 0, 0, 0, 1, 0, 1.09673, 0)
shape = SubResource("BoxShape3D_l2vh7")

[node name="MeshInstance3D" type="MeshInstance3D" parent="Ground/StaticBody3D"]
mesh = SubResource("BoxMesh_4gt3t")

[node name="DirectionalLight3D" type="DirectionalLight3D" parent="."]
transform = Transform3D(1, 0, 0, 0, 0.856528, 0.5161, 0, -0.5161, 0.856528, 0, 18.8286, 0)
shadow_enabled = true

[node name="PlayerScene" parent="." instance=ExtResource("1_wuw61")]
unique_name_in_owner = true
transform = Transform3D(1, 0, 0, 0, 1, 0, 0, 0, 1, 0, -0.4869, 0)

[node name="Enemy1Path" type="Path3D" parent="."]
transform = Transform3D(1, 0, 0, 0, 1, 0, 0, 0, 1, -2, 0, 1)
curve = SubResource("Curve3D_p0m6d")
script = ExtResource("2_pvkgk")

[node name="Enemy1PathFollow" type="PathFollow3D" parent="Enemy1Path"]
transform = Transform3D(-0.46657, 0, -0.88448, 0, 1, 0, 0.88448, 0, -0.46657, -1.96087, 0, 13.3776)

[node name="Enemy1" parent="Enemy1Path/Enemy1PathFollow" instance=ExtResource("2_no0s2")]
transform = Transform3D(-0.978086, 0, 0.208202, 0, 1, 0, -0.208202, 0, -0.978086, -0.0257835, 0, -0.80397)
